Expected_score:	-0.435145885182
Entropy:	1.27872338007