	a	b	c	d	e	f	g	h	i	=	l	m	n	o	p	q	r	s	t	u	v	w	x	y	z	^	!	""""	#	$	%	&	'	(	)	+	2	3	4	5	6	7	8	9	0	>	A	B	C	D	E	F	G	H	I	J	K	L	M	N	O	P	Q	R	S	T	U	V	W	Y	Z	~	?	_	|	/	\	@	{	}	[	]	:
a	7.23378517297	1.01178207151	0.139896370607	-0.483393042124	-0.810498389794	-0.8316290768	-1.51111572799	-0.909845668921	-0.9028527983	-1.56324729269	-1.09012098449	-1.01539141513	-1.02573870644	-0.876650150209	-0.23100189697	-0.103616070982	1.05568107015	2.56854842992	2.17632519507	-2.01154446178	-0.647231574953	0.333308111041	-0.171969727214	-1.12930046841	4.50704016218	1.32282014864	0.66281563089	0.0370001779827	1.39720183402	1.05675225866	0.743042856953	0.280806648183	0.0675882521696	0.564864708819	0.680853020793	0.334074706416	0.223126519809	0.969691166801	0.646316455286	0.666007511908	1.04181278531	0.751156841551	-0.878457936719	1.59585115836	1.03278466339	1.7572091055	0.812441063847	-0.964244348023	-1.09839095803	-0.859604879584	-2.85574859812	-1.57402103566	-3.00765931119	-1.98485879668	-1.6769732355	-4.02934803527	-1.07803580198	0.121813990207	-0.451869062995	0.252206716952	-0.82648167314	-1.66952465437	-1.67221262852	1.50639161416	-1.61406471102	-1.30558733442	-1.47457160579	0.0777413051288	-0.877927300021	-0.493915361827	-0.870797873523	0.201026358388	0.0210773612199	-0.234755512199	-1.40553331621	-0.307474718276	-0.140222973815	-1.33662696299	-1.05234976455	-1.70616037846	-1.3904111847	0.408152063245	-0.645252135639
b	1.01178207151	4.81084127676	0.749760759245	-0.542003213252	-0.883928975703	-0.685796396718	-1.08636907271	-1.3981243911	-1.00102475874	-1.43773579591	-1.44812822166	-1.36606188203	-1.20955206051	-1.27665923862	-1.35999691633	-0.50201684864	-0.667174536716	-1.18981790119	-0.0929643079639	-0.428271709431	-0.120451303347	-0.360966907729	0.687921559941	-0.354264959503	1.13367292574	0.75146664656	-0.397535797346	-0.390532456749	0.929296174878	0.992407526191	3.01492327818	0.623521010787	1.61577933711	0.489150418153	2.97872397272	1.26579342575	0.0964828671113	-0.0809193952058	0.288870459582	0.334735571329	1.24061198534	0.51168167632	-0.391667396442	0.566736676821	2.55384510576	0.89627414794	0.746232873274	0.200970733954	-0.434154113993	-0.287984598872	-0.341026718596	-0.686780043387	-2.52082391448	-1.57497624211	-1.81646390222	-3.77708738406	-0.252494455089	0.612068385788	0.410734792317	-0.340259772278	-0.580699232367	0.111179604628	-1.71593680494	0.462667437739	-0.994823874716	-0.686346498121	-2.51829578221	-0.0590922756838	-0.921651476442	-0.0448152570677	-1.35025854189	1.34702841438	1.08122378257	0.0434484062667	0.773134928704	-0.266309997111	1.05144912015	-0.448738114394	0.119080314464	-0.467903337259	-0.855793776293	-0.332813908986	-0.90167973456
c	0.139896370607	0.749760759245	3.84398082883	0.115638878856	-0.613311401369	-0.744413048516	-1.36747374881	-0.813320152246	-0.889439865884	-1.70419555567	-2.2758380603	-2.04799562354	-1.70352558515	-1.32876404238	-1.82763625253	-0.854135190496	-1.00890738532	-2.2704240228	-0.848821075071	-2.2631175177	-0.546770185039	-0.672453928774	0.109599584803	-0.19467500063	-0.130045388845	0.455768468548	-0.681026326382	-0.709240021102	0.200421112965	0.616456543942	-0.0561138054165	-0.761955314897	1.20004235407	-1.04110083723	0.511364406774	0.576827075343	-0.187867394799	-0.547739393843	-0.338759892084	-0.00801945682995	0.504702456647	-0.150827952079	0.327064054669	0.171425360872	-0.314861763361	1.075082829	-0.0900966906224	-0.436581647343	-0.328287147356	-0.300486638809	0.145748984676	-0.956478621294	-2.88851826664	-1.68706313096	-1.68855961012	-3.67496265797	-0.855535284203	-0.201872537603	-0.832961198199	-0.585436666822	-1.47209629584	0.048608993517	-1.03025066112	-1.64172334907	-1.39294586458	-1.18068380324	-0.815331646958	-0.954896440678	-3.02604226325	-0.840934393467	-1.57412799408	0.0654178081998	-0.159971491369	-0.226365989746	-0.988863660654	-1.6670937867	0.425068748142	-1.03017606275	-0.56336302808	-1.27511846265	-0.980455914708	-0.25339583196	-1.1185486998
d	-0.483393042124	-0.542003213252	0.115638878856	2.98439707799	-0.0476204063639	-1.16111475895	-1.62294710943	-1.64933862302	-2.06630069248	-2.84900377497	-2.26414246378	-2.69781402343	-2.01723950363	-2.08500182922	-2.64282831732	-1.53946601514	-1.91459212392	-2.54196637666	-2.28375904085	-2.78663545399	-0.308946642077	-1.42321247772	-1.26702364092	-2.4868260778	-1.95303831162	-0.638667512291	-1.55155758394	-1.8341375912	-0.829666902701	-0.719399985392	-0.966838575612	-1.68704026783	0.412744120826	0.334561725626	-0.0965831476231	0.397217029294	-0.599242436169	-1.14564104153	-1.2961060196	0.40897612439	-0.64246952312	-0.104311387455	-0.0844753373952	-0.172719152372	-0.748996975299	0.172418015023	-1.49380855171	-1.06818922056	-0.814873254527	-0.105657312127	-1.92361933244	-1.50230426949	-3.46056181963	-2.23039934525	-1.53768707167	-4.3600510195	-1.5065149354	-1.44286952682	-1.1547262416	-0.546603651072	-2.53611352608	-2.05020798474	-1.94498061972	-1.50189855434	-1.53150144907	-2.32837707262	-3.73440054129	-2.1314615573	1.55473472951	-0.895117367535	-2.06351261316	-1.33047590122	-0.7166838649	-1.25027724993	-1.57789941046	-0.212038375011	-0.41244188983	-1.81884831983	-0.687723314882	-1.11152322069	-1.54720764219	-0.673282572517	-2.21012352551
e	-0.810498389794	-0.883928975703	-0.613311401369	-0.0476204063639	3.33104710502	0.116099637836	-1.18821807287	-1.77482208255	-1.32890680355	-2.22375322892	-2.88231241162	-2.58176826659	-2.19102513712	-2.00273728918	-2.317818726	-1.8992720203	-2.25541269984	-2.42829692207	-0.059720102965	-3.35434822572	-2.6177187146	-1.67897022084	-1.93082661528	-2.44744217812	-2.40780978894	0.145902106672	-1.18450545986	-1.11738567413	-0.467089492041	-0.724627111416	-0.851829006235	-1.66703905948	-0.373091295462	-1.20612792205	-1.63872778633	-1.00432771818	-0.281829974767	-0.792692099921	-1.29573403538	0.749116349752	-0.801996931765	-1.15068585821	0.0937616985884	1.4765244266	0.385053157093	0.2698614051	-0.0656721346931	-0.774459346597	-1.00897192017	-0.876624659101	-0.664471875101	-1.39445108593	-3.39253403581	-2.1542078622	-1.62940735908	-4.07593773585	-1.11187448909	-0.950976447883	-0.522286479593	-1.27184400095	-1.25247937261	-0.171604746664	-4.11810988542	-2.37246505002	0.683002366867	-3.11405467071	-2.18350326853	-2.32862758759	0.120960285749	-0.56004044927	-1.13902715359	-1.31849376166	-0.987414583376	-0.391146151907	-1.84144648454	-0.746103974715	-0.680584914721	-1.63052112645	-0.988378181982	-0.313857807521	-1.48785048636	-0.559770008169	-2.22793177657
f	-0.8316290768	-0.685796396718	-0.744413048516	-1.16111475895	0.116099637836	4.02041920468	0.538100542748	-0.522763566061	-0.487974190715	-1.30254693173	-2.41869005386	-2.15704045717	-1.73936544289	-1.1434232456	-1.53012442527	-1.35237152317	-1.33899906468	-1.46152381845	-0.864961324909	-3.53409244178	-1.45766105787	-0.690661674131	-1.02606285782	-1.51939815238	-0.788300264519	-1.06171800999	-1.19527907412	-1.41194741	-0.682164702084	-0.393486679036	-0.755807692047	-1.08508134115	-0.0240696898354	-0.443110098345	0.377029110965	-0.95122124859	-1.15693806351	-1.68237576895	-1.07473388837	-0.593527602891	-0.807153514343	0.576024315916	-0.432547666378	-0.121954866967	-0.547996582186	-0.534400994356	-1.02879026974	-0.840040578731	-0.765952445833	-0.487932413195	-2.05503360276	-0.616684793551	-2.08929831054	-1.02450585368	-1.3825046791	-3.73586988277	-1.1263449687	-1.01434243655	-0.62838233133	0.227393497064	-0.936471437918	1.10648095215	-2.99519611663	-3.27602349259	-2.69604009963	-3.76607434628	-0.256986712538	0.826707658896	-0.26802498399	-0.210241278118	-1.31839537363	-0.233850009794	0.56359283752	-1.6134484329	-2.10048558171	-1.69134044853	-0.294308070533	-0.534079569021	-0.832469413312	-0.764924819886	-1.16332062936	-0.600880050702	-2.19956748139
g	-1.51111572799	-1.08636907271	-1.36747374881	-1.62294710943	-1.18821807287	0.538100542748	3.76737746958	0.539286323703	0.359790431854	-0.891463161944	-3.22020980603	-1.98800390331	-2.85282981158	-1.87733032785	-2.70816340663	-0.822498608564	-1.87247939031	-2.76973015261	-1.0929739346	-3.96281949504	-0.0840382720389	-1.78355641428	-0.968561194012	-0.72754498784	-1.21845206461	-2.03318176656	-1.5604842374	-1.10572713145	-1.29844050471	-1.7433614088	-1.65804956731	-1.64076936609	-0.91286237407	0.550093071972	-2.04792306178	-1.97593330293	-1.46335836449	-1.60325933246	-1.79363449099	-0.920294860037	-1.30161341852	-1.2362603346	0.0841231386921	-0.56869035218	-1.58253336939	-0.690031070988	-0.524811907434	-0.253564621614	-0.0430858914828	0.0584432586108	-1.30524213921	0.880236903367	0.623248699029	0.59201651435	-0.40937383163	-3.65070327264	-1.24080238854	-0.404022033693	-2.06357584223	-1.86493258126	-1.51218903382	-3.03330392016	-2.83435803314	-3.17931574652	-2.49241714964	-2.82136969366	-2.83835087158	-1.43804105411	-0.241706565812	0.747885904182	-1.1730224688	-0.702147252319	0.090257502705	-0.641239228945	1.455653783	0.348286202328	-1.49589718997	1.6995243781	0.0212480074106	0.563449546469	-1.36187302771	-1.00903235081	-2.45102452027
h	-0.909845668921	-1.3981243911	-0.813320152246	-1.64933862302	-1.77482208255	-0.522763566061	0.539286323703	4.56365717712	1.33689664835	-0.122186014797	-3.4787640754	-2.18023070757	-3.169600667	-2.64981883747	-1.92103172405	-2.86804261277	-2.49735067163	-2.3381356669	-0.784502928036	-5.1054505005	-1.53719627527	-4.29403012776	-2.33720221307	-3.03032035724	2.53650783749	-2.82417898185	-1.08397109553	-1.84320598175	-0.849274685192	-0.381463711959	0.119480202513	-0.830337436562	0.530531678024	0.243736331163	1.7627596186	-1.26191668792	-1.1875888223	-1.62320642667	-2.18235258932	-1.22252143274	-1.18508238292	-1.78213126278	-0.323413058011	-0.531236809952	-2.11977399243	1.15951632845	-1.16179682163	-1.05442032872	-1.03220078198	-0.723775937112	-2.37943325356	-0.0226008884191	-0.383444847665	-0.225322248589	-1.3050380047	-4.69618838094	-1.13423652792	-0.375483712572	-0.422898673073	0.348739507703	-1.0050355375	-4.08511771603	-6.89516061223	-2.30151887028	-3.83701269474	-4.52853531814	-4.69751958951	-3.14520667859	2.49903755845	-0.214845269783	-3.33475395674	-2.15727347822	-3.08639340508	-1.66762656529	-2.20221654523	-1.53042270199	-0.00116542326946	-2.52004658252	-0.412571561797	-0.785494637855	-1.05338335117	-0.699944646388	-2.48131789859
i	-0.9028527983	-1.00102475874	-0.889439865884	-2.06630069248	-1.32890680355	-0.487974190715	0.359790431854	1.33689664835	5.67534421641	2.55921626748	-3.35233991583	-2.07904665588	-2.78747052388	-2.61603909403	-0.917778921136	-1.85495286357	-2.04322345319	-2.25198157886	-2.44563446783	-5.1224604376	-1.8144588982	-5.99456640006	-1.59295364271	-2.67581526599	-0.775391378164	-2.78405517643	-0.83081774434	-2.10631184362	-1.63443122586	-1.20994491425	-1.59832389048	-1.86921594571	-0.149037164819	-1.14985040973	-1.43527631317	-3.22076495581	-0.548043750614	-1.10252846883	-2.06264822317	-0.873396896507	-0.215390868958	-1.77602647778	-0.714479351493	-0.975912709312	-1.06627115721	-1.27730646292	-1.49421017617	-1.27729456677	-1.1550048001	-0.64450530017	-2.21409840303	-0.681021002049	-1.17178145174	-0.720643945424	0.140751832417	-2.9350447492	-2.08041560317	-1.11594810123	-2.34819098804	-2.40756405813	-1.66250308791	-2.09050856986	-3.09319654401	-0.914592301334	-0.334608908371	-0.40464315503	-0.310593020562	-4.34324261037	-0.713948714794	-0.160011775158	-1.73169395694	-1.33185043718	-0.341012865221	-2.24070192841	0.477263516472	-2.01796525097	-0.745169724152	-1.75761087849	-1.07795645752	-0.477044163027	-0.551832886268	0.0144783185694	-1.95429139672
=	-1.56324729269	-1.43773579591	-1.70419555567	-2.84900377497	-2.22375322892	-1.30254693173	-0.891463161944	-0.122186014797	2.55921626748	4.37459675603	-4.92421922159	-3.78593853147	-3.21618778588	-3.33162661796	-4.42323382296	-3.13754310587	-3.79778507381	-4.08441263745	-3.19007743898	-6.13055909095	-2.20316155376	-3.64630346145	-3.0417772907	-4.71659461813	-1.27747583314	-2.24510867621	-1.14664954907	-2.27636532389	-2.56134812295	-1.46277856356	-2.33275095398	-2.01729060848	-0.471244408591	-3.03331775704	-2.02647183263	-2.84865527525	-0.786106391674	-1.44198760537	-2.63444164996	-2.72179717883	-1.05475493353	-2.51447517236	-2.82379960713	-3.29306210385	-2.29147508049	-1.34408102359	-2.31638757926	-2.166726008	-2.50160462783	-1.97466069363	-3.43603060232	-2.71439240445	-4.04720480956	-2.08926235494	-1.27770323675	-1.5714002786	-2.35364104131	-2.02016964912	-2.71074135574	-1.27521597679	0.0315346875353	-4.67185630336	-7.48189919957	-1.30329495689	-6.42375128207	-6.11527390548	-5.28425817684	-6.73194526592	-2.68761387107	-2.84417031424	-4.75643329781	-1.47017825887	-3.61868420839	-3.82204966192	-4.21521988726	-5.25466481308	-0.934749737697	-6.31623853549	-1.26108180211	-2.24703019109	-0.676449640359	-0.195897409647	-3.71001104764
l	-1.09012098449	-1.44812822166	-2.2758380603	-2.26414246378	-2.88231241162	-2.41869005386	-3.22020980603	-3.4787640754	-3.35233991583	-4.92421922159	6.07787535807	-0.077083752634	2.08586457436	-0.903257873018	0.21105803122	-0.41527239689	-0.788635343356	0.216883923565	-3.00202643928	-5.21652787779	-1.93549338599	-0.886782197358	-1.91084545973	-2.42339135825	-3.15276561922	-2.22897927544	-0.343333118066	-1.09118807445	-1.75007648422	0.873609145986	-2.39936808762	-2.50764965041	-1.55504861133	-3.05515620647	-1.66322600488	-2.22632222619	-0.203893092538	0.665960507012	-0.00123061164623	0.336406192178	-0.59805294137	3.95077939006	-1.89209736765	0.136753714772	0.163191602078	-1.06491721698	-2.47774114021	-1.68327341331	-1.92702422561	-1.51788576257	-3.40951871745	-3.96570516586	-4.81212909543	-1.47129841974	-4.24214935978	-6.16195149571	1.10354760797	-2.01081347694	-2.0323616141	1.64132645552	-0.942235321725	-2.62658055693	-0.874381028918	-0.450664288405	-3.57112061358	-4.26264323699	-3.43162750835	-1.55738650255	-0.834983202586	-2.93312295953	-2.23061294559	-2.61266536901	-1.37119392256	-2.52884640204	-3.77762671805	-3.40203414459	-2.22465818286	-3.463607867	-0.274739189039	-1.57882409374	-0.575361011662	-2.39798588699	-2.7072381195
m	-1.01539141513	-1.36606188203	-2.04799562354	-2.69781402343	-2.58176826659	-2.15704045717	-1.98800390331	-2.18023070757	-2.07904665588	-3.78593853147	-0.077083752634	4.45762925591	0.166832369858	0.254446756555	-1.03249489979	-1.3017142039	-2.19868396157	-1.88001373759	-1.21258734136	-2.80209723205	-1.47659648936	-1.52804043734	-2.02567299914	0.416228950517	-1.15872968292	-0.609884193209	-0.889348012908	-0.685223896633	0.419968008528	-0.612278769214	-0.0139648076395	-2.47179353842	-0.57171256369	0.395185247474	-1.5770718666	-1.36070256302	-1.04438227947	-1.97854324278	-1.17341228142	-0.559151054495	-1.04704524819	-0.74267335454	-2.63045429574	-0.657199946127	-0.74663536454	-0.999090597623	-0.896068568899	-1.82990383157	-1.3253057121	-1.17283373656	-2.6385978146	-2.06499333669	-5.29661161697	-2.93442696349	-2.05197090131	-5.25791159509	0.310761254839	0.35706365107	0.156754329056	0.054515999564	0.306020971631	-0.136118794521	-3.53569692124	-2.52701768	-3.38443959935	-1.68364479997	-3.24494649412	-0.964713128639	-0.560839347101	-0.109012024679	-1.03024257681	0.656883912401	-1.0534892577	-2.34216538781	-1.03635685214	-1.8368415071	-0.498102557429	-2.9915246339	-0.759793397155	-2.26473491018	-1.34552595289	-1.3651636392	-3.29393267746
n	-1.02573870644	-1.20955206051	-1.70352558515	-2.01723950363	-2.19102513712	-1.73936544289	-2.85282981158	-3.169600667	-2.78747052388	-3.21618778588	2.08586457436	0.166832369858	5.43147784193	2.45299235766	0.207613599545	-0.730182449896	-0.676613711482	-1.97104537176	-1.75049254037	-2.17855801284	-3.02443182171	-0.537919603278	2.5433337647	2.60353441718	-2.66254717589	1.59781403873	-1.30512059874	-1.52755152531	-1.27445541711	-0.924658373408	0.359448948182	-0.468269427788	-1.00394792585	-2.62633830781	-2.11855977753	-2.34908065975	-1.92427239657	-2.09393422856	-1.02499151729	-1.22110409498	-1.17917327977	0.703423268532	-3.23838019204	-1.27505268234	-1.54652752511	-1.68161397757	-1.3534424296	-2.06421630736	-1.80871225234	-0.973273563685	-2.85639544905	-2.38736103034	-5.10507486248	-2.66895160854	-2.76071180199	-4.48247686907	-0.0144958982609	0.686562874025	-0.231960283557	1.51190494649	-1.04539161894	-1.38147461144	-2.81712199287	0.454591654199	-1.08090217026	-2.18746229294	0.582152891027	-1.68865643597	-2.34476475926	-0.989731888039	-0.713144467856	0.00349006338361	0.465132428146	-2.11663047072	0.528508660831	-2.64878129543	-2.31386405671	-3.51395780504	-0.77488898339	-2.90418107928	-0.855020925326	-2.37587557188	-3.06912614355
o	-0.876650150209	-1.27665923862	-1.32876404238	-2.08500182922	-2.00273728918	-1.1434232456	-1.87733032785	-2.64981883747	-2.61603909403	-3.33162661796	-0.903257873018	0.254446756555	2.45299235766	5.21001829223	0.231603482631	0.857810161519	-0.0350172777294	1.72765308137	0.078117943579	-4.47495244838	-2.77986054908	-1.51656822264	1.24356778104	1.36729347706	-3.00376587463	1.59467085746	-1.51123066744	-1.11172514483	-0.326866309539	0.493936129569	-0.0562696679575	-2.77773423817	-0.0324657946356	-1.06965519417	-2.62970347772	-1.88467740366	-0.800601016882	-0.867539950105	-1.15684090328	-0.543707115553	-0.688418696728	0.365432910156	-2.02438373346	-0.731054828332	-0.495163575397	-0.896421296775	-0.103674839994	-1.1547181615	-1.16005103135	-0.843847955131	-1.30633930846	-1.73189703347	-5.34784167015	-2.15066640886	-2.06835190876	-3.89600639932	0.115947185315	0.991561353923	1.65441869448	2.23897548181	1.23993128679	1.63392750287	-3.70266120784	-3.6939819666	-1.90754769617	-1.92099841446	-0.920057684387	-2.73031485285	-3.49333838006	0.460529166464	0.492831427801	1.38834864266	-0.444586599316	-0.680241590798	-3.43598189553	-1.21239241551	-0.883013360331	-1.69569828977	-0.855164517891	-1.17109008076	-1.91231037882	-1.03052032976	-2.63667990882
p	-0.23100189697	-1.35999691633	-1.82763625253	-2.64282831732	-2.317818726	-1.53012442527	-2.70816340663	-1.92103172405	-0.917778921136	-4.42323382296	0.21105803122	-1.03249489979	0.207613599545	0.231603482631	4.89072948913	-0.0174345677123	1.24963041685	-1.28700694554	1.72531728846	-0.757890627917	-1.98344870058	-1.99655351954	-1.23040916647	-1.68155452033	2.97039785757	-1.67600697599	-2.63172761917	-2.85557376021	-2.18940372269	-1.10538988947	-0.664748202626	0.69477558428	-3.49726583653	0.620174586558	-1.26956471184	-4.40094469272	-1.19317947486	-0.28031845028	-0.245360972665	1.15214765074	1.74270485486	-0.346581659726	0.518463752284	2.80799772222	2.94323736214	1.99196133024	-1.85268975023	-2.33305225885	-2.22258265173	-1.23834959271	-4.27851218382	-2.34294561735	-6.39208920426	-3.48980713382	-2.4566826093	-5.35629748271	-0.645005865724	-0.630834639259	0.524053359716	0.151806384062	-0.123234991911	-2.63681620557	-3.05454167899	-1.56043561059	-2.73335935566	-1.89436726237	-2.44186315699	-2.88955024607	-2.58218444538	-2.70340781544	-1.69387567938	-3.53957263404	-3.36125168926	-5.10893765901	0.0734313624809	-4.24877106094	-4.53479562005	-3.40345418774	-1.1483501257	-3.01286745128	-2.79994660514	0.248835148479	-4.10860142714
q	-0.103616070982	-0.50201684864	-0.854135190496	-1.53946601514	-1.8992720203	-1.35237152317	-0.822498608564	-2.86804261277	-1.85495286357	-3.13754310587	-0.41527239689	-1.3017142039	-0.730182449896	0.857810161519	-0.0174345677123	5.67070154983	1.45549785907	0.703084736177	-0.470117529705	-1.40962047697	-0.299687091258	1.26428066315	1.23309692837	-0.467075973332	0.129479791152	1.19223803023	-1.52181855959	-0.4194085643	-0.757863571015	-0.773896997064	-0.464823325373	0.602675384572	0.263082013789	2.38126013403	0.81458196681	1.2945544674	-0.95026216721	-0.799950571588	-1.0980158392	-0.355226444673	0.538329455415	-0.282080705356	-0.408123774579	-0.495239428907	1.71547326103	-0.634081908751	-0.502149653653	-0.792345479527	-0.293289655305	-0.424265786865	-2.06111690964	-0.848572931261	-4.93908727038	-1.79237950654	-1.00754670802	-3.24023290773	0.0285153720641	-0.0233164367708	2.179289234	0.327721049024	1.26997388645	-0.114215363205	-0.910452459886	-3.22370131354	-0.589270136553	-0.128789666513	-3.61970203277	2.48719972983	-3.023057727	1.41129759688	1.030706029	0.946908782514	1.83594886631	2.33206776698	-0.692682748061	1.76038857808	0.104058290811	2.68593951058	-0.589725825934	-0.28381573145	-1.66884010619	-0.886873794216	-1.38006751871
r	1.05568107015	-0.667174536716	-1.00890738532	-1.91459212392	-2.25541269984	-1.33899906468	-1.87247939031	-2.49735067163	-2.04322345319	-3.79778507381	-0.788635343356	-2.19868396157	-0.676613711482	-0.0350172777294	1.24963041685	1.45549785907	6.79306909415	4.13915573462	2.83867376879	-2.08094349927	2.54361531622	0.678710046064	2.50140128809	-0.574080804824	-0.475430806792	-1.39852774926	-0.841046268208	-0.744326881605	-0.659013214473	0.267797748766	-1.58647493283	-1.35244398526	-0.716329469162	0.562472359831	-4.31082177551	1.58551362183	0.625840496308	-1.3502127194	-1.04732851382	0.23258703766	-0.139694268693	-1.96974790014	-1.74614401574	-0.98423179361	-0.549499196768	-0.214566133365	-0.647289614031	-1.69220566338	-1.54928933479	-1.01612483387	-1.40665595933	-1.04249649876	-4.5218326757	-2.08284249513	-1.13265454533	-4.91128636131	-1.50090788738	1.509156481	-0.234774721822	1.89580426421	-0.792094172853	-3.57373660942	-2.25449648868	-0.98278284161	-3.51827666607	-3.20979928947	-2.37878356084	-0.0191157278626	-1.78213925507	0.738630820631	-1.08313212393	-0.86238419151	-0.561206498942	2.79176987031	-1.98781717637	1.73827264418	-1.19418204837	0.396591002573	-1.46982275497	-2.2305242627	-1.7296152454	-1.02126117786	-2.24692661992
s	2.56854842992	-1.18981790119	-2.2704240228	-2.54196637666	-2.42829692207	-1.46152381845	-2.76973015261	-2.3381356669	-2.25198157886	-4.08441263745	0.216883923565	-1.88001373759	-1.97104537176	1.72765308137	-1.28700694554	0.703084736177	4.13915573462	7.01287509963	1.90560818201	0.582474080529	2.88007887848	2.99112495753	1.9306215066	2.36737836637	0.390979283865	0.679550128088	0.530172054161	-3.27636588033	-2.09429419313	-0.905032228208	-2.53519711482	-0.0896845201276	-1.38053751791	0.14910223034	-1.86722653472	0.690692644937	1.48798772055	-0.78370729669	0.126806051969	-2.73320865769	-1.21203774276	-2.72254987215	-3.24596524659	-2.13265381108	-1.9017632392	-2.28272354635	-1.63927924993	-2.08511169031	-1.38102591129	-2.13333004313	-2.97341880454	-2.40748977997	-3.32052446924	-2.45021342995	-4.21497998244	-6.37056865362	-2.58805475632	-0.786261701027	-0.394878544339	1.52953336378	-0.493549264871	2.80531837917	-2.45475743767	-1.86111569571	-2.39660952017	-2.08813214357	-2.25711641494	2.78704959231	-1.66047210917	-1.46910524892	-0.799193549137	-1.2900556366	-0.488448953524	1.11198269559	-4.18807812536	1.06525869805	-1.23962488831	0.518258148472	-1.67830421076	-2.54181652407	-1.23677109145	-1.10025254997	-2.2622898264
t	2.17632519507	-0.0929643079639	-0.848821075071	-2.28375904085	-0.059720102965	-0.864961324909	-1.0929739346	-0.784502928036	-2.44563446783	-3.19007743898	-3.00202643928	-1.21258734136	-1.75049254037	0.078117943579	1.72531728846	-0.470117529705	2.83867376879	1.90560818201	8.1254365161	-0.0880081270879	3.97232526249	3.2806297559	2.24211904795	2.48135474072	3.97762654582	2.14216540228	0.0517806457934	-0.66734555677	0.717765035384	0.0676916343484	-0.184402662807	0.772829107661	-0.455371976443	1.35501362824	-0.332007511569	0.306530128296	-1.20270016181	-2.2142725582	0.0466889253556	0.226036647966	-0.767016528582	-1.31286173109	-3.08925784669	0.987527712793	-1.53646921749	1.18323281437	-1.22744264228	-2.57065122733	-0.576237046252	-0.500594514069	-1.42261588617	-0.370278675952	-4.24916542395	-1.22693841312	-1.9242990215	-2.97571131748	-1.55730831603	-0.0380489545417	-0.831645145018	0.0764341919777	-1.33684186497	-0.916850440367	-0.919538414516	-0.32589667256	-1.86139049702	-1.55291312042	1.6000307031	0.83041551913	-0.12525308602	3.10766626368	0.872598526889	0.668971095455	1.14298538489	3.08270332058	2.43460373904	0.985767877087	-1.28936836588	3.7379753459	-2.16803154474	0.554117453552	-0.0396231023273	0.801352111154	-1.8913120375
u	-2.01154446178	-0.428271709431	-2.2631175177	-2.78663545399	-3.35434822572	-3.53409244178	-3.96281949504	-5.1054505005	-5.1224604376	-6.13055909095	-5.21652787779	-2.80209723205	-2.17855801284	-4.47495244838	-0.757890627917	-1.40962047697	-2.08094349927	0.582474080529	-0.0880081270879	7.88511538472	2.7785133356	1.48368046137	1.31357659238	1.57489587083	0.250688865125	-1.73497790078	-1.07289137649	-2.08072636869	-3.80395025754	0.509224311067	-3.36514741295	-3.54529496193	-4.94817457745	-0.531407488411	-2.89881069402	-4.13997882044	-1.45109831594	-1.3576096193	-4.47266709469	-3.30536119835	0.82832793982	-3.55773681865	-4.33413293426	3.82177134235	-1.32191268642	-1.53294799212	-5.69471015118	-5.46461915303	-5.09232047109	-5.79340407869	-7.41642920956	-6.04141851822	-9.24892801367	-7.32979449581	-4.17839263909	-6.32177939646	-5.22844815829	-6.95534938407	-2.02207244856	-2.66320558733	-2.90364504742	-0.461285809788	-4.16441350208	-1.57077176012	-3.10626558458	-2.79778820798	-1.96677247935	-1.09253147354	-1.37012817358	-3.44554785402	-4.84104604389	-4.77230120491	-3.05608601306	-5.31191888648	-4.89773418977	-2.67414470975	-5.78217096688	-2.998752838	-4.93228079139	-5.11396906473	-3.85124788735	-0.986201486918	-4.2912253081
v	-0.647231574953	-0.120451303347	-0.546770185039	-0.308946642077	-2.6177187146	-1.45766105787	-0.0840382720389	-1.53719627527	-1.8144588982	-2.20316155376	-1.93549338599	-1.47659648936	-3.02443182171	-2.77986054908	-1.98344870058	-0.299687091258	2.54361531622	2.88007887848	3.97232526249	2.7785133356	9.45495773656	6.83328133608	6.08670529274	3.78215243649	5.8856681897	-0.297108406977	-1.34418146559	-0.29561769147	-0.66185195598	-1.11147008763	1.6955166551	-0.933054561656	-0.866448893872	-0.356572400442	-0.402047511163	0.356784362421	0.0207595251554	-1.24356621545	-1.08608682959	-0.72370911791	1.23111497447	1.76499696443	-3.15929784629	-0.848047033163	-2.2845811222	0.591846413349	-3.78290946905	-2.78343139904	-2.73306081199	-2.31626970259	-4.45732281265	-3.48052499794	-8.02779927343	-4.43710263662	-3.9670316751	-5.65746211662	-2.73168497543	-1.45858620122	-2.69523426714	-1.30394592823	-2.40688186457	-0.664962345073	-0.0826878185004	0.925991422734	-0.609502401723	-0.301025025128	0.529990703505	0.0823036144236	1.12663500927	-0.861321829919	-2.34428286103	-1.86050052278	-1.97436032949	-0.493227608739	-1.40097100692	-0.762344027619	-3.28540778402	-1.50198965514	-2.17248320271	-2.90671249907	0.794606793529	0.633556342313	-1.71023143938
w	0.333308111041	-0.360966907729	-0.672453928774	-1.42321247772	-1.67897022084	-0.690661674131	-1.78355641428	-4.29403012776	-5.99456640006	-3.64630346145	-0.886782197358	-1.52804043734	-0.537919603278	-1.51656822264	-1.99655351954	1.26428066315	0.678710046064	2.99112495753	3.2806297559	1.48368046137	6.83328133608	10.1112076294	5.89283835447	-0.935611851312	4.39029632323	0.59245761897	0.0845788154702	0.177301582336	0.868000042167	-2.3373812791	-1.15842575899	1.56685928343	0.322677413934	1.90294323525	-1.62795870264	2.09434729492	0.121076566003	0.644594359784	-1.2448838252	-0.991440485078	1.79661716118	-0.57639144446	-2.38520903776	-2.65892072536	-1.51049231367	0.448397382067	-2.4238581598	-1.89831127812	-0.422919103221	-1.22421081274	-3.42797694888	-2.94459592661	-6.21623575949	-4.49951509581	-7.19294286657	-7.54633832082	-2.15024124485	0.48542760875	-0.336182957896	0.318139786854	2.0676466621	0.694088964175	-0.893561510695	1.70008023126	0.164586406804	0.473063783399	1.30407951203	3.55683214109	1.9007238178	-0.852767767755	-0.570194052506	-3.08641171425	0.915205696461	2.60278929468	-1.62688219839	2.47117639955	0.0736435252232	1.73153077202	-1.32039188218	-2.9806205971	1.31089784459	-0.177317349882	-0.845230606005
x	-0.171969727214	0.687921559941	0.109599584803	-1.26702364092	-1.93082661528	-1.02606285782	-0.968561194012	-2.33720221307	-1.59295364271	-3.0417772907	-1.91084545973	-2.02567299914	2.5433337647	1.24356778104	-1.23040916647	1.23309692837	2.50140128809	1.9306215066	2.24211904795	1.31357659238	6.08670529274	5.89283835447	8.97209178243	7.36403152473	3.65524653327	4.00535030119	-0.812044606496	1.03336652008	0.875293023831	1.63652014894	1.98282672683	2.55685406205	1.78200566914	2.55491656841	-1.25609328868	3.4845912382	-0.439943824179	2.20963205617	0.457626900747	0.719226842333	2.26159197953	0.7954739695	0.156581377641	-2.2870553114	1.86137310029	0.972265889472	-1.31502715167	-0.789480269996	0.556939780115	-0.360140038982	-2.44538593813	-1.66830817263	-6.54481006367	-4.93500460391	-2.17722126284	-8.75943540758	-0.778375830889	1.59425861688	0.953220295871	1.22051991751	2.43951207606	1.48099187741	-0.521696096735	2.07194564522	0.536451820763	0.844929197358	1.67594492599	4.22825783691	3.85755173248	0.284632392567	0.242243952839	-2.71454630029	1.83455890572	3.54025188449	-0.25501678443	3.96857269559	1.44550893918	2.64396456735	-1.28956338605	-2.12332835597	-1.1627267924	-0.796174122334	0.0684233650607
y	-1.12930046841	-0.354264959503	-0.19467500063	-2.4868260778	-2.44744217812	-1.51939815238	-0.72754498784	-3.03032035724	-2.67581526599	-4.71659461813	-2.42339135825	0.416228950517	2.60353441718	1.36729347706	-1.68155452033	-0.467075973332	-0.574080804824	2.36737836637	2.48135474072	1.57489587083	3.78215243649	-0.935611851312	7.36403152473	11.0487982034	6.59200803611	7.08113375448	-0.87713152805	-0.726339704929	0.269637720914	-1.44668596136e-05	0.996349639974	0.392231466943	1.08888752498	-0.460129670648	-0.183676686481	3.16011768782	0.2885183768	-0.159051137504	-1.67507092696	0.172733611885	0.556401003065	-1.30203442975	0.059072978395	-1.2146387092	-0.0662102975174	2.89267939822	1.02042385636	-1.03899176269	1.309059373	0.356132752989	-2.3857933763	-1.83151981893	-6.25000104013	-3.54065990682	-1.1636983497	-5.46462638405	-0.513314150751	-1.24021537654	1.10809905826	0.177459302288	-0.188511039885	0.553408479609	4.63818334671	3.14436224742	1.60886842296	4.23927389444	2.74836152819	1.30067443911	3.34500583396	1.85454865423	4.49299779629	2.75018772469	3.18260995053	3.1036548392	-0.182600182234	2.45602679706	0.254891135545	-0.283618830459	-1.12403737947	-1.85826667583	-2.03141650115	-2.68723164411	-0.89752943279
z	4.50704016218	1.13367292574	-0.130045388845	-1.95303831162	-2.40780978894	-0.788300264519	-1.21845206461	2.53650783749	-0.775391378164	-1.27747583314	-3.15276561922	-1.15872968292	-2.66254717589	-3.00376587463	2.97039785757	0.129479791152	-0.475430806792	0.390979283865	3.97762654582	0.250688865125	5.8856681897	4.39029632323	3.65524653327	6.59200803611	7.99790348782	6.28669895643	-2.14999165376	-2.13670335438	0.203228472675	-1.18190093252	-3.23998460971	1.10342979737	1.02247827674	2.795389176	3.99784157872	0.771780344698	-0.834474399805	2.1203144511	1.23834194286	0.468894443031	-2.31736316723	0.216518822736	-2.00733626984	3.4193917607	2.6747353763	3.9417473674	-1.04598539188	-1.27532601237	-2.6399929246	-1.89470106639	-3.13027452965	-2.0447704555	-8.53880270971	-3.34403474923	-2.0077151766	-4.81482859829	-1.57972339899	-2.30662462478	-0.5432726907	-1.47391244667	-0.254920288123	0.486999231371	1.48431125722	3.07795299918	1.54245917472	1.85093655132	5.00388037484	1.23426519087	3.27859658572	0.203176905274	0.585286294074	0.291461053668	-1.40736125376	-0.663194127182	-0.249009430472	0.389617548825	0.45151629314	-0.350028078697	-2.60548412698	-0.924675924072	1.65063548362	2.37151423897	-1.10536657317
^	1.32282014864	0.75146664656	0.455768468548	-0.638667512291	0.145902106672	-1.06171800999	-2.03318176656	-2.82417898185	-2.78405517643	-2.24510867621	-2.22897927544	-0.609884193209	1.59781403873	1.59467085746	-1.67600697599	1.19223803023	-1.39852774926	0.679550128088	2.14216540228	-1.73497790078	-0.297108406977	0.59245761897	4.00535030119	7.08113375448	6.28669895643	9.20490426794	1.37899798318	1.5765321807	2.27359024569	1.84142108481	2.16184903087	2.49996913828	2.11815113829	3.22548107662	3.22891556638	4.30002536482	0.273689405926	-0.0584028909574	2.97415566981	2.87950896915	1.86207805201	1.38357631752	-0.305942347407	-2.38700895706	-1.23858054538	2.50458045931	-1.41498079734	-2.13335949855	-0.308548611912	-0.718626698245	-3.09873200552	-2.34337653306	-6.90779811516	-3.03495824957	-3.22059138014	-4.82964170985	-0.878329476553	1.17237687632	0.573158731015	0.00508905442829	0.639118712256	0.381038231749	-0.621649742399	1.97199199956	0.436498175099	0.744975551694	1.57599128033	2.71326669197	2.1726355861	-0.732859092905	-1.29828228421	-2.81449994595	0.486677746616	2.62316229598	-1.35497043009	1.86861904992	1.93051779424	4.47474825924	-1.7114451266	-1.86071192225	-0.347797051699	0.766837244724	-0.169719687267
!	0.66281563089	-0.397535797346	-0.681026326382	-1.55155758394	-1.18450545986	-1.19527907412	-1.5604842374	-1.08397109553	-0.83081774434	-1.14664954907	-0.343333118066	-0.889348012908	-1.30512059874	-1.51123066744	-2.63172761917	-1.52181855959	-0.841046268208	0.530172054161	0.0517806457934	-1.07289137649	-1.34418146559	0.0845788154702	-0.812044606496	-0.87713152805	-2.14999165376	1.37899798318	6.59082683554	2.25554029223	2.20653335515	2.12579459922	1.79934739651	1.7163505452	1.03650956581	2.15406863646	1.22407074316	0.236659208987	-0.951396880665	-0.886958807223	-1.51563639745	-1.60538550379	-0.749230341145	-0.583499462826	-3.3267287145	-3.18540290282	-2.55154766396	-0.440654874777	0.102770999202	-0.391778398353	-1.35057612658	-0.269802943629	-1.86241629699	-1.02109354004	-3.21562193047	-1.19527835815	-1.61928837275	-3.6805030755	1.2654559233	0.859409757739	0.267533587771	0.081164226589	-0.1592752335	1.68698094581	0.387311233903	0.436632459635	-2.09886136482	0.624653511052	-0.959368259594	-1.67008975451	-1.94768645455	-1.54737270402	-0.959172706216	-1.17993448443	-0.989788104252	1.57812838264	-2.47529247074	-0.377233872802	1.35794717522	-0.290908900099	0.92867557875	-1.1175359628	1.43451419279	-0.939908253768	-1.12479072801
""""	0.0370001779827	-0.390532456749	-0.709240021102	-1.8341375912	-1.11738567413	-1.41194741	-1.10572713145	-1.84320598175	-2.10631184362	-2.27636532389	-1.09118807445	-0.685223896633	-1.52755152531	-1.11172514483	-2.85557376021	-0.4194085643	-0.744326881605	-3.27636588033	-0.66734555677	-2.08072636869	-0.29561769147	0.177301582336	1.03336652008	-0.726339704929	-2.13670335438	1.5765321807	2.25554029223	6.74502672378	2.80683343832	2.54517317099	1.81965043438	2.54864653923	2.51269500324	3.54123711035	3.97986282024	2.25691145611	-0.556899010252	-0.748845341695	-1.9797416747	-1.98328796174	0.346159038441	-1.35261972838	-3.89840291585	-2.40657985708	-3.02368619176	-0.490560401893	-0.50409263061	-0.639697812831	-1.84549312894	-1.13981458178	-1.20664427825	-1.25133892723	-3.77070591315	-2.35735714529	-2.06516883421	-3.42920439398	-0.409013847408	0.968220668155	-0.0103130541996	-1.26064243286	-0.561024433407	-0.202433553465	-1.26925186503	0.186886353172	-2.08557306545	-0.0401300946897	-1.53104246094	-2.3937670493	0.387529939712	-0.241633510841	-1.8032800114	-1.0635526921	1.57931635018	-0.0432988539103	-2.65464924931	2.87706252607	2.74499443785	-0.475559978339	-0.466803429594	-1.53034035122	0.726342059849	-2.53701966904	-1.5407889139
#	1.39720183402	0.929296174878	0.200421112965	-0.829666902701	-0.467089492041	-0.682164702084	-1.29844050471	-0.849274685192	-1.63443122586	-2.56134812295	-1.75007648422	0.419968008528	-1.27445541711	-0.326866309539	-2.18940372269	-0.757863571015	-0.659013214473	-2.09429419313	0.717765035384	-3.80395025754	-0.66185195598	0.868000042167	0.875293023831	0.269637720914	0.203228472675	2.27359024569	2.20653335515	2.80683343832	7.3521293607	5.1780006374	3.23930493925	1.70761246037	2.72327458448	1.61117800603	2.08318179932	1.52008557802	-0.424445255463	-0.0469578459752	-2.26845294347	-1.81707022574	-0.300952538532	-1.32694206832	-3.23885315459	-2.77559924802	-1.62717083633	0.424828263797	-0.832717433953	-1.33025416539	-0.881563474007	-0.733900528353	-0.0711142534885	-1.21327754272	-3.41766306464	-1.27991023061	-1.32776873595	-3.37187173089	-0.373834971427	0.645080314535	0.796752409514	0.754002287221	0.513562827132	-0.00755205920827	1.47518679381	1.26147361371	-2.27402021075	-1.96554283415	0.865472894483	0.877217424038	-0.537882799748	-0.423477921312	-0.861959281726	0.0896915123175	0.202424115473	1.62885094413	-2.48052631522	0.573138163359	1.69393059673	0.357054491894	-0.106059205189	-1.51233661904	1.06937255985	-1.15395611308	-1.15054197081
$	1.05675225866	0.992407526191	0.616456543942	-0.719399985392	-0.724627111416	-0.393486679036	-1.7433614088	-0.381463711959	-1.20994491425	-1.46277856356	0.873609145986	-0.612278769214	-0.924658373408	0.493936129569	-1.10538988947	-0.773896997064	0.267797748766	-0.905032228208	0.0676916343484	0.509224311067	-1.11147008763	-2.3373812791	1.63652014894	-1.44668596136e-05	-1.18190093252	1.84142108481	2.12579459922	2.54517317099	5.1780006374	7.90129429932	4.47216867195	1.95318102308	1.68711809719	2.96010259959	1.51408955928	1.6139583507	-0.948620349214	-0.176156715055	-2.41026408847	-1.08885815785	-0.330795251892	1.04343007209	-2.15005137145	-0.516872463438	-3.27533464736	1.06821889861	-1.77366299421	0.395740077243	-1.52218047598	-0.874795967174	-3.07584316108	-1.73745263647	-5.66656746985	-2.27729648521	-3.1504302782	-4.14571530125	-0.0785823108207	1.50485658401	1.38726118972	0.337568762109	-0.0757072948417	0.514209131207	-2.65840384438	-0.0647621024284	-1.60025592689	2.40866116785	-0.460762821657	0.676512589982	0.135881484112	-1.61761010144	-2.44195159011	-3.85125404794	-0.965113854648	-2.80590922879	-2.39172453208	0.0542573692766	0.723838690813	-2.4927431803	-0.689305539535	-1.39496568371	1.16613186476	-0.994282414647	-1.23196200941
%	0.743042856953	3.01492327818	-0.0561138054165	-0.966838575612	-0.851829006235	-0.755807692047	-1.65804956731	0.119480202513	-1.59832389048	-2.33275095398	-2.39936808762	-0.0139648076395	0.359448948182	-0.0562696679575	-0.664748202626	-0.464823325373	-1.58647493283	-2.53519711482	-0.184402662807	-3.36514741295	1.6955166551	-1.15842575899	1.98282672683	0.996349639974	-3.23998460971	2.16184903087	1.79934739651	1.81965043438	3.23930493925	4.47216867195	8.29027041685	4.33517291896	1.21399692072	3.10555231648	4.27362913961	3.67950602268	-1.08293961223	-1.50342702506	-2.39795843777	-1.67301064671	-0.540882022526	-1.28384023792	-2.30124445303	-2.31192173479	-2.74845582383	-0.152136207474	-1.92485607579	-1.66234359995	-2.18258022064	-1.82022184359	-3.35183186861	-2.33867863868	-4.71723367548	-2.14395409174	-3.26098137529	-5.18604250764	-0.312916627702	2.25744818717	0.810517382182	-0.630317106108	2.48679543842	-0.128837046703	2.99775799609	0.462116721104	-0.0733771033533	2.93553999138	0.0661160018751	0.618428912793	0.662760307644	-1.02034195002	-2.29358438983	-0.623935506264	-1.02319753184	-0.694067904535	-1.86484570855	-0.226218729249	0.805306366023	-0.158509434713	-1.48435481089	-1.04865910582	2.84796960292	-2.06204864523	-1.5431955035
