{
 "cells": [
  {
   "cell_type": "code",
   "execution_count": 1,
   "metadata": {
    "collapsed": false
   },
   "outputs": [
    {
     "data": {
      "text/plain": [
       "'Tests MBR_X built on alphabet on 3 tasks\\n1. PSSM information content\\n2. duoalignment for family retrieval\\n3. pairwise alignment with beagle\\n'"
      ]
     },
     "execution_count": 1,
     "metadata": {},
     "output_type": "execute_result"
    }
   ],
   "source": [
    "\"\"\"Tests MBR_X built on alphabet on 3 tasks\n",
    "1. PSSM information content\n",
    "2. duoalignment for family retrieval\n",
    "3. pairwise alignment with beagle\n",
    "\"\"\""
   ]
  },
  {
   "cell_type": "code",
   "execution_count": 14,
   "metadata": {
    "collapsed": true
   },
   "outputs": [],
   "source": [
    "#imports and testing variables\n",
    "import sys\n",
    "import argparse\n",
    "import pickle\n",
    "import pandas as pd\n",
    "import numpy as np\n",
    "\n",
    "from matrix2 import *\n",
    "\n",
    "mbrVersion = \"qbear_50\"\n",
    "\n",
    "MBR = \"MBR_qbear_50.tsv\"\n",
    "ALPHAMAP = \"qBEAR.txt\"\n",
    "GAPFAMDICT = \"gapped_fam_dict.pickle\"\n",
    "\n",
    "ignore_these_families = ['RF00210','RF01879', 'RF02767', 'RF02768','RF02770', 'RF02773', 'RF02775','RF02781', 'RF02783']\n"
   ]
  },
  {
   "cell_type": "code",
   "execution_count": 3,
   "metadata": {
    "collapsed": true
   },
   "outputs": [],
   "source": [
    "#adding parser\n",
    "parser = argparse.ArgumentParser()\n",
    "parser.add_argument(\"-m\", \"--mbr\", help=\"the substitution matrix to test\")\n",
    "parser.add_argument(\"-a\", \"--alpha\", help=\"pickle of alphabet dictionary (must correspond to the alphabet \\\n",
    "                                            used with the substitution matrix). With respect to standard BEAR\")\n",
    "parser.add_argument(\"-gfd\", \"--gapfamdict\", help=\"the rfam alignments with gaps and bear pickle\")\n",
    "parser.add_argument(\"-v\", \"--verbose\", help=\"increase output verbosity\",\n",
    "                    action=\"store_true\")\n",
    "\n",
    "args = parser.parse_args(args=['--alpha', ALPHAMAP,\n",
    "                               '-v', \n",
    "                               '-m',MBR,\n",
    "                              '-gfd', GAPFAMDICT])"
   ]
  },
  {
   "cell_type": "code",
   "execution_count": 4,
   "metadata": {
    "collapsed": false,
    "scrolled": true
   },
   "outputs": [
    {
     "data": {
      "text/plain": [
       "\"\\n###Variable assignment\\nwith open(args.gapfamdict, 'rb') as afile:\\n    gapped_fam_dict = pickle.load(afile)\\n\\nwith open(args.alpha, 'rb') as afile:\\n    alph_bear = pickle.load(afile)\\n\\nalphamaps = [{key:alph_bear[KEY] for key in KEY}\\n            for KEY in alph_bear]\\nalphamap = {}\\nfor ap in alphamaps:\\n    alphamap.update(ap)\\n    \\nwith open(args.mbr, 'rb') as afile:\\n    mbr = pickle.load(afile, encoding='latin1')\\n    ###ATTENZIONE, ENCODING serve solo se il pickle arriva da python 2.7 (marta), altrimenti non so come va\\n\""
      ]
     },
     "execution_count": 4,
     "metadata": {},
     "output_type": "execute_result"
    }
   ],
   "source": [
    "#####VERSIONE PRECEDENTE CON ALFABETO IN DIZIONARIO#####\n",
    "'''\n",
    "###Variable assignment\n",
    "with open(args.gapfamdict, 'rb') as afile:\n",
    "    gapped_fam_dict = pickle.load(afile)\n",
    "\n",
    "with open(args.alpha, 'rb') as afile:\n",
    "    alph_bear = pickle.load(afile)\n",
    "\n",
    "alphamaps = [{key:alph_bear[KEY] for key in KEY}\n",
    "            for KEY in alph_bear]\n",
    "alphamap = {}\n",
    "for ap in alphamaps:\n",
    "    alphamap.update(ap)\n",
    "    \n",
    "with open(args.mbr, 'rb') as afile:\n",
    "    mbr = pickle.load(afile, encoding='latin1')\n",
    "    ###ATTENZIONE, ENCODING serve solo se il pickle arriva da python 2.7 (marta), altrimenti non so come va\n",
    "'''"
   ]
  },
  {
   "cell_type": "code",
   "execution_count": 5,
   "metadata": {
    "collapsed": false
   },
   "outputs": [],
   "source": [
    "#####VERSIONE NUOVA CON ALFABETO IN FILE TSV#####\n",
    "\n",
    "###Variable assignment\n",
    "with open(args.gapfamdict, 'rb') as afile:\n",
    "    gapped_fam_dict = pickle.load(afile)\n",
    "    \n",
    "    \n",
    "f=open(args.alpha).readlines()\n",
    "alph_bear={x.split()[0]:x.split()[1] for x in f}\n",
    "alph_bear['-']='-'\n",
    "\n",
    "alphamaps = [{key:alph_bear[KEY] for key in KEY} for KEY in alph_bear]\n",
    "alphamap = {}\n",
    "for ap in alphamaps:\n",
    "    alphamap.update(ap)\n",
    "    \n",
    "mbr=pd.read_table(args.mbr, index_col=0)"
   ]
  },
  {
   "cell_type": "code",
   "execution_count": null,
   "metadata": {
    "collapsed": true
   },
   "outputs": [],
   "source": []
  },
  {
   "cell_type": "code",
   "execution_count": 6,
   "metadata": {
    "collapsed": false,
    "scrolled": true
   },
   "outputs": [
    {
     "data": {
      "text/html": [
       "<div>\n",
       "<style scoped>\n",
       "    .dataframe tbody tr th:only-of-type {\n",
       "        vertical-align: middle;\n",
       "    }\n",
       "\n",
       "    .dataframe tbody tr th {\n",
       "        vertical-align: top;\n",
       "    }\n",
       "\n",
       "    .dataframe thead th {\n",
       "        text-align: right;\n",
       "    }\n",
       "</style>\n",
       "<table border=\"1\" class=\"dataframe\">\n",
       "  <thead>\n",
       "    <tr style=\"text-align: right;\">\n",
       "      <th></th>\n",
       "      <th>z</th>\n",
       "      <th>a</th>\n",
       "      <th>q</th>\n",
       "      <th>x</th>\n",
       "      <th>s</th>\n",
       "      <th>w</th>\n",
       "      <th>c</th>\n",
       "      <th>d</th>\n",
       "      <th>e</th>\n",
       "      <th>b</th>\n",
       "      <th>g</th>\n",
       "      <th>t</th>\n",
       "      <th>v</th>\n",
       "      <th>f</th>\n",
       "      <th>r</th>\n",
       "      <th>n</th>\n",
       "      <th>h</th>\n",
       "      <th>y</th>\n",
       "    </tr>\n",
       "  </thead>\n",
       "  <tbody>\n",
       "    <tr>\n",
       "      <th>z</th>\n",
       "      <td>1.251901</td>\n",
       "      <td>-1.004386</td>\n",
       "      <td>-1.875156</td>\n",
       "      <td>-1.924021</td>\n",
       "      <td>-1.246907</td>\n",
       "      <td>-0.090560</td>\n",
       "      <td>-0.969852</td>\n",
       "      <td>0.118495</td>\n",
       "      <td>0.197494</td>\n",
       "      <td>-0.500413</td>\n",
       "      <td>-0.544214</td>\n",
       "      <td>-1.632660</td>\n",
       "      <td>-0.753703</td>\n",
       "      <td>-2.837002</td>\n",
       "      <td>-3.680622</td>\n",
       "      <td>-0.799709</td>\n",
       "      <td>-0.396543</td>\n",
       "      <td>-0.544076</td>\n",
       "    </tr>\n",
       "    <tr>\n",
       "      <th>a</th>\n",
       "      <td>-1.004386</td>\n",
       "      <td>2.183718</td>\n",
       "      <td>0.083500</td>\n",
       "      <td>-1.622771</td>\n",
       "      <td>-1.508918</td>\n",
       "      <td>-0.751584</td>\n",
       "      <td>-1.505466</td>\n",
       "      <td>-0.766710</td>\n",
       "      <td>-0.744210</td>\n",
       "      <td>-0.621187</td>\n",
       "      <td>-0.415789</td>\n",
       "      <td>-2.134194</td>\n",
       "      <td>-1.088041</td>\n",
       "      <td>-1.022524</td>\n",
       "      <td>-3.212613</td>\n",
       "      <td>-0.786086</td>\n",
       "      <td>-0.635661</td>\n",
       "      <td>-0.303277</td>\n",
       "    </tr>\n",
       "    <tr>\n",
       "      <th>q</th>\n",
       "      <td>-1.875156</td>\n",
       "      <td>0.083500</td>\n",
       "      <td>4.938520</td>\n",
       "      <td>-2.839489</td>\n",
       "      <td>-2.938266</td>\n",
       "      <td>-2.213520</td>\n",
       "      <td>-1.889927</td>\n",
       "      <td>-1.875586</td>\n",
       "      <td>-1.631255</td>\n",
       "      <td>-0.064752</td>\n",
       "      <td>-1.390353</td>\n",
       "      <td>-2.819128</td>\n",
       "      <td>-2.167109</td>\n",
       "      <td>-2.927971</td>\n",
       "      <td>-0.885244</td>\n",
       "      <td>-1.651218</td>\n",
       "      <td>-2.198932</td>\n",
       "      <td>-3.420976</td>\n",
       "    </tr>\n",
       "    <tr>\n",
       "      <th>x</th>\n",
       "      <td>-1.924021</td>\n",
       "      <td>-1.622771</td>\n",
       "      <td>-2.839489</td>\n",
       "      <td>2.601893</td>\n",
       "      <td>0.329162</td>\n",
       "      <td>0.322428</td>\n",
       "      <td>-1.233105</td>\n",
       "      <td>-0.332829</td>\n",
       "      <td>-0.416625</td>\n",
       "      <td>-0.850567</td>\n",
       "      <td>-1.044173</td>\n",
       "      <td>-2.227982</td>\n",
       "      <td>-1.734505</td>\n",
       "      <td>-3.548809</td>\n",
       "      <td>-3.728150</td>\n",
       "      <td>0.029378</td>\n",
       "      <td>-0.393977</td>\n",
       "      <td>-0.360536</td>\n",
       "    </tr>\n",
       "    <tr>\n",
       "      <th>s</th>\n",
       "      <td>-1.246907</td>\n",
       "      <td>-1.508918</td>\n",
       "      <td>-2.938266</td>\n",
       "      <td>0.329162</td>\n",
       "      <td>5.591254</td>\n",
       "      <td>2.523561</td>\n",
       "      <td>-0.659044</td>\n",
       "      <td>0.136920</td>\n",
       "      <td>0.158087</td>\n",
       "      <td>-0.518327</td>\n",
       "      <td>-1.022181</td>\n",
       "      <td>-1.674776</td>\n",
       "      <td>-1.751805</td>\n",
       "      <td>-3.417864</td>\n",
       "      <td>-3.926585</td>\n",
       "      <td>-0.115749</td>\n",
       "      <td>0.866039</td>\n",
       "      <td>1.174097</td>\n",
       "    </tr>\n",
       "    <tr>\n",
       "      <th>w</th>\n",
       "      <td>-0.090560</td>\n",
       "      <td>-0.751584</td>\n",
       "      <td>-2.213520</td>\n",
       "      <td>0.322428</td>\n",
       "      <td>2.523561</td>\n",
       "      <td>8.110535</td>\n",
       "      <td>0.911527</td>\n",
       "      <td>1.478493</td>\n",
       "      <td>2.926003</td>\n",
       "      <td>0.192768</td>\n",
       "      <td>-1.335073</td>\n",
       "      <td>-0.063744</td>\n",
       "      <td>-1.382303</td>\n",
       "      <td>-3.214545</td>\n",
       "      <td>-4.061672</td>\n",
       "      <td>-0.302880</td>\n",
       "      <td>0.538770</td>\n",
       "      <td>2.642098</td>\n",
       "    </tr>\n",
       "    <tr>\n",
       "      <th>c</th>\n",
       "      <td>-0.969852</td>\n",
       "      <td>-1.505466</td>\n",
       "      <td>-1.889927</td>\n",
       "      <td>-1.233105</td>\n",
       "      <td>-0.659044</td>\n",
       "      <td>0.911527</td>\n",
       "      <td>3.514573</td>\n",
       "      <td>1.112111</td>\n",
       "      <td>1.307975</td>\n",
       "      <td>0.580190</td>\n",
       "      <td>-0.434166</td>\n",
       "      <td>-1.145477</td>\n",
       "      <td>-1.300833</td>\n",
       "      <td>-3.187975</td>\n",
       "      <td>-3.734170</td>\n",
       "      <td>0.416329</td>\n",
       "      <td>0.318929</td>\n",
       "      <td>-0.005568</td>\n",
       "    </tr>\n",
       "    <tr>\n",
       "      <th>d</th>\n",
       "      <td>0.118495</td>\n",
       "      <td>-0.766710</td>\n",
       "      <td>-1.875586</td>\n",
       "      <td>-0.332829</td>\n",
       "      <td>0.136920</td>\n",
       "      <td>1.478493</td>\n",
       "      <td>1.112111</td>\n",
       "      <td>5.469184</td>\n",
       "      <td>2.311892</td>\n",
       "      <td>0.331947</td>\n",
       "      <td>-0.224466</td>\n",
       "      <td>-0.058633</td>\n",
       "      <td>-0.613905</td>\n",
       "      <td>-2.884740</td>\n",
       "      <td>-3.340735</td>\n",
       "      <td>0.177721</td>\n",
       "      <td>1.034403</td>\n",
       "      <td>1.310405</td>\n",
       "    </tr>\n",
       "    <tr>\n",
       "      <th>e</th>\n",
       "      <td>0.197494</td>\n",
       "      <td>-0.744210</td>\n",
       "      <td>-1.631255</td>\n",
       "      <td>-0.416625</td>\n",
       "      <td>0.158087</td>\n",
       "      <td>2.926003</td>\n",
       "      <td>1.307975</td>\n",
       "      <td>2.311892</td>\n",
       "      <td>5.522222</td>\n",
       "      <td>0.590471</td>\n",
       "      <td>0.250965</td>\n",
       "      <td>0.289942</td>\n",
       "      <td>-0.087344</td>\n",
       "      <td>-2.389063</td>\n",
       "      <td>-3.928441</td>\n",
       "      <td>1.077903</td>\n",
       "      <td>1.937196</td>\n",
       "      <td>1.871875</td>\n",
       "    </tr>\n",
       "    <tr>\n",
       "      <th>b</th>\n",
       "      <td>-0.500413</td>\n",
       "      <td>-0.621187</td>\n",
       "      <td>-0.064752</td>\n",
       "      <td>-0.850567</td>\n",
       "      <td>-0.518327</td>\n",
       "      <td>0.192768</td>\n",
       "      <td>0.580190</td>\n",
       "      <td>0.331947</td>\n",
       "      <td>0.590471</td>\n",
       "      <td>4.791997</td>\n",
       "      <td>0.483115</td>\n",
       "      <td>-0.846769</td>\n",
       "      <td>-0.640583</td>\n",
       "      <td>-2.365144</td>\n",
       "      <td>-3.288815</td>\n",
       "      <td>-0.344893</td>\n",
       "      <td>-0.461127</td>\n",
       "      <td>-0.753164</td>\n",
       "    </tr>\n",
       "    <tr>\n",
       "      <th>g</th>\n",
       "      <td>-0.544214</td>\n",
       "      <td>-0.415789</td>\n",
       "      <td>-1.390353</td>\n",
       "      <td>-1.044173</td>\n",
       "      <td>-1.022181</td>\n",
       "      <td>-1.335073</td>\n",
       "      <td>-0.434166</td>\n",
       "      <td>-0.224466</td>\n",
       "      <td>0.250965</td>\n",
       "      <td>0.483115</td>\n",
       "      <td>4.721292</td>\n",
       "      <td>-0.022475</td>\n",
       "      <td>0.919180</td>\n",
       "      <td>0.740357</td>\n",
       "      <td>1.259935</td>\n",
       "      <td>1.837775</td>\n",
       "      <td>1.583052</td>\n",
       "      <td>1.349914</td>\n",
       "    </tr>\n",
       "    <tr>\n",
       "      <th>t</th>\n",
       "      <td>-1.632660</td>\n",
       "      <td>-2.134194</td>\n",
       "      <td>-2.819128</td>\n",
       "      <td>-2.227982</td>\n",
       "      <td>-1.674776</td>\n",
       "      <td>-0.063744</td>\n",
       "      <td>-1.145477</td>\n",
       "      <td>-0.058633</td>\n",
       "      <td>0.289942</td>\n",
       "      <td>-0.846769</td>\n",
       "      <td>-0.022475</td>\n",
       "      <td>2.522889</td>\n",
       "      <td>-0.261747</td>\n",
       "      <td>-1.705349</td>\n",
       "      <td>-3.314664</td>\n",
       "      <td>0.025454</td>\n",
       "      <td>0.607275</td>\n",
       "      <td>0.766958</td>\n",
       "    </tr>\n",
       "    <tr>\n",
       "      <th>v</th>\n",
       "      <td>-0.753703</td>\n",
       "      <td>-1.088041</td>\n",
       "      <td>-2.167109</td>\n",
       "      <td>-1.734505</td>\n",
       "      <td>-1.751805</td>\n",
       "      <td>-1.382303</td>\n",
       "      <td>-1.300833</td>\n",
       "      <td>-0.613905</td>\n",
       "      <td>-0.087344</td>\n",
       "      <td>-0.640583</td>\n",
       "      <td>0.919180</td>\n",
       "      <td>-0.261747</td>\n",
       "      <td>3.462402</td>\n",
       "      <td>0.032869</td>\n",
       "      <td>-0.553920</td>\n",
       "      <td>0.826242</td>\n",
       "      <td>1.161113</td>\n",
       "      <td>0.970967</td>\n",
       "    </tr>\n",
       "    <tr>\n",
       "      <th>f</th>\n",
       "      <td>-2.837002</td>\n",
       "      <td>-1.022524</td>\n",
       "      <td>-2.927971</td>\n",
       "      <td>-3.548809</td>\n",
       "      <td>-3.417864</td>\n",
       "      <td>-3.214545</td>\n",
       "      <td>-3.187975</td>\n",
       "      <td>-2.884740</td>\n",
       "      <td>-2.389063</td>\n",
       "      <td>-2.365144</td>\n",
       "      <td>0.740357</td>\n",
       "      <td>-1.705349</td>\n",
       "      <td>0.032869</td>\n",
       "      <td>2.756713</td>\n",
       "      <td>-0.358245</td>\n",
       "      <td>-1.006769</td>\n",
       "      <td>-1.106826</td>\n",
       "      <td>-1.285439</td>\n",
       "    </tr>\n",
       "    <tr>\n",
       "      <th>r</th>\n",
       "      <td>-3.680622</td>\n",
       "      <td>-3.212613</td>\n",
       "      <td>-0.885244</td>\n",
       "      <td>-3.728150</td>\n",
       "      <td>-3.926585</td>\n",
       "      <td>-4.061672</td>\n",
       "      <td>-3.734170</td>\n",
       "      <td>-3.340735</td>\n",
       "      <td>-3.928441</td>\n",
       "      <td>-3.288815</td>\n",
       "      <td>1.259935</td>\n",
       "      <td>-3.314664</td>\n",
       "      <td>-0.553920</td>\n",
       "      <td>-0.358245</td>\n",
       "      <td>4.714257</td>\n",
       "      <td>-0.164500</td>\n",
       "      <td>-1.232366</td>\n",
       "      <td>0.065951</td>\n",
       "    </tr>\n",
       "    <tr>\n",
       "      <th>n</th>\n",
       "      <td>-0.799709</td>\n",
       "      <td>-0.786086</td>\n",
       "      <td>-1.651218</td>\n",
       "      <td>0.029378</td>\n",
       "      <td>-0.115749</td>\n",
       "      <td>-0.302880</td>\n",
       "      <td>0.416329</td>\n",
       "      <td>0.177721</td>\n",
       "      <td>1.077903</td>\n",
       "      <td>-0.344893</td>\n",
       "      <td>1.837775</td>\n",
       "      <td>0.025454</td>\n",
       "      <td>0.826242</td>\n",
       "      <td>-1.006769</td>\n",
       "      <td>-0.164500</td>\n",
       "      <td>5.558381</td>\n",
       "      <td>3.382106</td>\n",
       "      <td>2.702131</td>\n",
       "    </tr>\n",
       "    <tr>\n",
       "      <th>h</th>\n",
       "      <td>-0.396543</td>\n",
       "      <td>-0.635661</td>\n",
       "      <td>-2.198932</td>\n",
       "      <td>-0.393977</td>\n",
       "      <td>0.866039</td>\n",
       "      <td>0.538770</td>\n",
       "      <td>0.318929</td>\n",
       "      <td>1.034403</td>\n",
       "      <td>1.937196</td>\n",
       "      <td>-0.461127</td>\n",
       "      <td>1.583052</td>\n",
       "      <td>0.607275</td>\n",
       "      <td>1.161113</td>\n",
       "      <td>-1.106826</td>\n",
       "      <td>-1.232366</td>\n",
       "      <td>3.382106</td>\n",
       "      <td>6.477496</td>\n",
       "      <td>3.386058</td>\n",
       "    </tr>\n",
       "    <tr>\n",
       "      <th>y</th>\n",
       "      <td>-0.544076</td>\n",
       "      <td>-0.303277</td>\n",
       "      <td>-3.420976</td>\n",
       "      <td>-0.360536</td>\n",
       "      <td>1.174097</td>\n",
       "      <td>2.642098</td>\n",
       "      <td>-0.005568</td>\n",
       "      <td>1.310405</td>\n",
       "      <td>1.871875</td>\n",
       "      <td>-0.753164</td>\n",
       "      <td>1.349914</td>\n",
       "      <td>0.766958</td>\n",
       "      <td>0.970967</td>\n",
       "      <td>-1.285439</td>\n",
       "      <td>0.065951</td>\n",
       "      <td>2.702131</td>\n",
       "      <td>3.386058</td>\n",
       "      <td>8.133205</td>\n",
       "    </tr>\n",
       "  </tbody>\n",
       "</table>\n",
       "</div>"
      ],
      "text/plain": [
       "          z         a         q         x         s         w         c  \\\n",
       "z  1.251901 -1.004386 -1.875156 -1.924021 -1.246907 -0.090560 -0.969852   \n",
       "a -1.004386  2.183718  0.083500 -1.622771 -1.508918 -0.751584 -1.505466   \n",
       "q -1.875156  0.083500  4.938520 -2.839489 -2.938266 -2.213520 -1.889927   \n",
       "x -1.924021 -1.622771 -2.839489  2.601893  0.329162  0.322428 -1.233105   \n",
       "s -1.246907 -1.508918 -2.938266  0.329162  5.591254  2.523561 -0.659044   \n",
       "w -0.090560 -0.751584 -2.213520  0.322428  2.523561  8.110535  0.911527   \n",
       "c -0.969852 -1.505466 -1.889927 -1.233105 -0.659044  0.911527  3.514573   \n",
       "d  0.118495 -0.766710 -1.875586 -0.332829  0.136920  1.478493  1.112111   \n",
       "e  0.197494 -0.744210 -1.631255 -0.416625  0.158087  2.926003  1.307975   \n",
       "b -0.500413 -0.621187 -0.064752 -0.850567 -0.518327  0.192768  0.580190   \n",
       "g -0.544214 -0.415789 -1.390353 -1.044173 -1.022181 -1.335073 -0.434166   \n",
       "t -1.632660 -2.134194 -2.819128 -2.227982 -1.674776 -0.063744 -1.145477   \n",
       "v -0.753703 -1.088041 -2.167109 -1.734505 -1.751805 -1.382303 -1.300833   \n",
       "f -2.837002 -1.022524 -2.927971 -3.548809 -3.417864 -3.214545 -3.187975   \n",
       "r -3.680622 -3.212613 -0.885244 -3.728150 -3.926585 -4.061672 -3.734170   \n",
       "n -0.799709 -0.786086 -1.651218  0.029378 -0.115749 -0.302880  0.416329   \n",
       "h -0.396543 -0.635661 -2.198932 -0.393977  0.866039  0.538770  0.318929   \n",
       "y -0.544076 -0.303277 -3.420976 -0.360536  1.174097  2.642098 -0.005568   \n",
       "\n",
       "          d         e         b         g         t         v         f  \\\n",
       "z  0.118495  0.197494 -0.500413 -0.544214 -1.632660 -0.753703 -2.837002   \n",
       "a -0.766710 -0.744210 -0.621187 -0.415789 -2.134194 -1.088041 -1.022524   \n",
       "q -1.875586 -1.631255 -0.064752 -1.390353 -2.819128 -2.167109 -2.927971   \n",
       "x -0.332829 -0.416625 -0.850567 -1.044173 -2.227982 -1.734505 -3.548809   \n",
       "s  0.136920  0.158087 -0.518327 -1.022181 -1.674776 -1.751805 -3.417864   \n",
       "w  1.478493  2.926003  0.192768 -1.335073 -0.063744 -1.382303 -3.214545   \n",
       "c  1.112111  1.307975  0.580190 -0.434166 -1.145477 -1.300833 -3.187975   \n",
       "d  5.469184  2.311892  0.331947 -0.224466 -0.058633 -0.613905 -2.884740   \n",
       "e  2.311892  5.522222  0.590471  0.250965  0.289942 -0.087344 -2.389063   \n",
       "b  0.331947  0.590471  4.791997  0.483115 -0.846769 -0.640583 -2.365144   \n",
       "g -0.224466  0.250965  0.483115  4.721292 -0.022475  0.919180  0.740357   \n",
       "t -0.058633  0.289942 -0.846769 -0.022475  2.522889 -0.261747 -1.705349   \n",
       "v -0.613905 -0.087344 -0.640583  0.919180 -0.261747  3.462402  0.032869   \n",
       "f -2.884740 -2.389063 -2.365144  0.740357 -1.705349  0.032869  2.756713   \n",
       "r -3.340735 -3.928441 -3.288815  1.259935 -3.314664 -0.553920 -0.358245   \n",
       "n  0.177721  1.077903 -0.344893  1.837775  0.025454  0.826242 -1.006769   \n",
       "h  1.034403  1.937196 -0.461127  1.583052  0.607275  1.161113 -1.106826   \n",
       "y  1.310405  1.871875 -0.753164  1.349914  0.766958  0.970967 -1.285439   \n",
       "\n",
       "          r         n         h         y  \n",
       "z -3.680622 -0.799709 -0.396543 -0.544076  \n",
       "a -3.212613 -0.786086 -0.635661 -0.303277  \n",
       "q -0.885244 -1.651218 -2.198932 -3.420976  \n",
       "x -3.728150  0.029378 -0.393977 -0.360536  \n",
       "s -3.926585 -0.115749  0.866039  1.174097  \n",
       "w -4.061672 -0.302880  0.538770  2.642098  \n",
       "c -3.734170  0.416329  0.318929 -0.005568  \n",
       "d -3.340735  0.177721  1.034403  1.310405  \n",
       "e -3.928441  1.077903  1.937196  1.871875  \n",
       "b -3.288815 -0.344893 -0.461127 -0.753164  \n",
       "g  1.259935  1.837775  1.583052  1.349914  \n",
       "t -3.314664  0.025454  0.607275  0.766958  \n",
       "v -0.553920  0.826242  1.161113  0.970967  \n",
       "f -0.358245 -1.006769 -1.106826 -1.285439  \n",
       "r  4.714257 -0.164500 -1.232366  0.065951  \n",
       "n -0.164500  5.558381  3.382106  2.702131  \n",
       "h -1.232366  3.382106  6.477496  3.386058  \n",
       "y  0.065951  2.702131  3.386058  8.133205  "
      ]
     },
     "execution_count": 6,
     "metadata": {},
     "output_type": "execute_result"
    }
   ],
   "source": [
    "mbr\n",
    "#scratchbook\n"
   ]
  },
  {
   "cell_type": "code",
   "execution_count": 7,
   "metadata": {
    "collapsed": false,
    "scrolled": true
   },
   "outputs": [
    {
     "data": {
      "text/plain": [
       "{'!': 'c',\n",
       " '\"': 'c',\n",
       " '#': 'c',\n",
       " '$': 'c',\n",
       " '%': 'c',\n",
       " '&': 'd',\n",
       " \"'\": 'd',\n",
       " '(': 'd',\n",
       " ')': 'd',\n",
       " '+': 'e',\n",
       " '-': '-',\n",
       " '/': 'h',\n",
       " '0': 'd',\n",
       " '2': 'c',\n",
       " '3': 'c',\n",
       " '4': 'c',\n",
       " '5': 'c',\n",
       " '6': 'c',\n",
       " '7': 'd',\n",
       " '8': 'd',\n",
       " '9': 'd',\n",
       " ':': 't',\n",
       " '=': 'q',\n",
       " '>': 'e',\n",
       " '?': 'n',\n",
       " '@': 'y',\n",
       " 'A': 'v',\n",
       " 'B': 'v',\n",
       " 'C': 'v',\n",
       " 'D': 'v',\n",
       " 'E': 'v',\n",
       " 'F': 'f',\n",
       " 'G': 'f',\n",
       " 'H': 'f',\n",
       " 'I': 'f',\n",
       " 'J': 'r',\n",
       " 'K': 'n',\n",
       " 'L': 'n',\n",
       " 'M': 'n',\n",
       " 'N': 'n',\n",
       " 'O': 'h',\n",
       " 'P': 'h',\n",
       " 'Q': 'h',\n",
       " 'R': 'h',\n",
       " 'S': 'h',\n",
       " 'T': 'y',\n",
       " 'U': 'y',\n",
       " 'V': 'y',\n",
       " 'W': 'y',\n",
       " 'Y': 'n',\n",
       " 'Z': 'n',\n",
       " '[': 'b',\n",
       " '\\\\': 'h',\n",
       " ']': 'b',\n",
       " '^': 'w',\n",
       " '_': 'h',\n",
       " 'a': 'z',\n",
       " 'b': 'z',\n",
       " 'c': 'z',\n",
       " 'd': 'z',\n",
       " 'e': 'z',\n",
       " 'f': 'a',\n",
       " 'g': 'a',\n",
       " 'h': 'a',\n",
       " 'i': 'a',\n",
       " 'l': 'x',\n",
       " 'm': 'x',\n",
       " 'n': 'x',\n",
       " 'o': 'x',\n",
       " 'p': 'x',\n",
       " 'q': 'x',\n",
       " 'r': 'x',\n",
       " 's': 's',\n",
       " 't': 's',\n",
       " 'u': 's',\n",
       " 'v': 's',\n",
       " 'w': 's',\n",
       " 'x': 's',\n",
       " 'y': 's',\n",
       " 'z': 's',\n",
       " '{': 'g',\n",
       " '|': 'h',\n",
       " '}': 'g',\n",
       " '~': 'n'}"
      ]
     },
     "execution_count": 7,
     "metadata": {},
     "output_type": "execute_result"
    }
   ],
   "source": [
    "alphamap"
   ]
  },
  {
   "cell_type": "code",
   "execution_count": null,
   "metadata": {
    "collapsed": true
   },
   "outputs": [],
   "source": []
  },
  {
   "cell_type": "code",
   "execution_count": 8,
   "metadata": {
    "collapsed": true
   },
   "outputs": [],
   "source": [
    "def mapAligns(gapped_fam_dict, alphamap):\n",
    "    \"\"\"convert alignments in the new alphabet\"\"\"\n",
    "    for RF in gapped_fam_dict:\n",
    "        print(RF)\n",
    "        for ID in gapped_fam_dict[RF]:\n",
    "            if gapped_fam_dict[RF][ID].get('bear') :\n",
    "                gapped_fam_dict[RF][ID]['alpha'] = \"\".join([alphamap[ch] \n",
    "                                                            for ch in gapped_fam_dict.get(RF).get(ID).get('bear')])\n",
    "\n"
   ]
  },
  {
   "cell_type": "code",
   "execution_count": null,
   "metadata": {
    "collapsed": false
   },
   "outputs": [],
   "source": []
  },
  {
   "cell_type": "code",
   "execution_count": 9,
   "metadata": {
    "collapsed": false
   },
   "outputs": [
    {
     "name": "stdout",
     "output_type": "stream",
     "text": [
      "RF00001\n",
      "RF00002\n",
      "RF00003\n",
      "RF00004\n",
      "RF00005\n",
      "RF00006\n",
      "RF00007\n",
      "RF00008\n",
      "RF00009\n",
      "RF00010\n",
      "RF00011\n",
      "RF00012\n",
      "RF00013\n",
      "RF00014\n",
      "RF00015\n",
      "RF00016\n",
      "RF00017\n",
      "RF00018\n",
      "RF00019\n",
      "RF00020\n",
      "RF00021\n",
      "RF00022\n",
      "RF00023\n",
      "RF00024\n",
      "RF00025\n",
      "RF00026\n",
      "RF00027\n",
      "RF00028\n",
      "RF00029\n",
      "RF00030\n",
      "RF00031\n",
      "RF00032\n",
      "RF00033\n",
      "RF00034\n",
      "RF00035\n",
      "RF00036\n",
      "RF00037\n",
      "RF00038\n",
      "RF00039\n",
      "RF00040\n",
      "RF00041\n",
      "RF00042\n",
      "RF00043\n",
      "RF00044\n",
      "RF00045\n",
      "RF00046\n",
      "RF00047\n",
      "RF00048\n",
      "RF00049\n",
      "RF00050\n",
      "RF00051\n",
      "RF00052\n",
      "RF00053\n",
      "RF00054\n",
      "RF00055\n",
      "RF00056\n",
      "RF00057\n",
      "RF00058\n",
      "RF00059\n",
      "RF00060\n",
      "RF00061\n",
      "RF00062\n",
      "RF00063\n",
      "RF00064\n",
      "RF00065\n",
      "RF00066\n",
      "RF00067\n",
      "RF00068\n",
      "RF00069\n",
      "RF00070\n",
      "RF00071\n",
      "RF00072\n",
      "RF00073\n",
      "RF00074\n",
      "RF00075\n",
      "RF00076\n",
      "RF00077\n",
      "RF00078\n",
      "RF00079\n",
      "RF00080\n",
      "RF00081\n",
      "RF00082\n",
      "RF00083\n",
      "RF00084\n",
      "RF00085\n",
      "RF00086\n",
      "RF00087\n",
      "RF00088\n",
      "RF00089\n",
      "RF00090\n",
      "RF00091\n",
      "RF00092\n",
      "RF00093\n",
      "RF00094\n",
      "RF00095\n",
      "RF00096\n",
      "RF00097\n",
      "RF00099\n",
      "RF00100\n",
      "RF00101\n",
      "RF00102\n",
      "RF00103\n",
      "RF00104\n",
      "RF00105\n",
      "RF00106\n",
      "RF00107\n",
      "RF00108\n",
      "RF00109\n",
      "RF00110\n",
      "RF00111\n",
      "RF00112\n",
      "RF00113\n",
      "RF00114\n",
      "RF00115\n",
      "RF00116\n",
      "RF00117\n",
      "RF00118\n",
      "RF00119\n",
      "RF00121\n",
      "RF00122\n",
      "RF00124\n",
      "RF00125\n",
      "RF00126\n",
      "RF00127\n",
      "RF00128\n",
      "RF00129\n",
      "RF00130\n",
      "RF00131\n",
      "RF00132\n",
      "RF00133\n",
      "RF00134\n",
      "RF00135\n",
      "RF00136\n",
      "RF00137\n",
      "RF00138\n",
      "RF00139\n",
      "RF00140\n",
      "RF00142\n",
      "RF00143\n",
      "RF00144\n",
      "RF00145\n",
      "RF00147\n",
      "RF00149\n",
      "RF00150\n",
      "RF00151\n",
      "RF00152\n",
      "RF00153\n",
      "RF00154\n",
      "RF00155\n",
      "RF00156\n",
      "RF00157\n",
      "RF00158\n",
      "RF00159\n",
      "RF00160\n",
      "RF00161\n",
      "RF00162\n",
      "RF00163\n",
      "RF00164\n",
      "RF00165\n",
      "RF00166\n",
      "RF00167\n",
      "RF00168\n",
      "RF00169\n",
      "RF00170\n",
      "RF00171\n",
      "RF00172\n",
      "RF00173\n",
      "RF00174\n",
      "RF00175\n",
      "RF00176\n",
      "RF00177\n",
      "RF00178\n",
      "RF00179\n",
      "RF00180\n",
      "RF00181\n",
      "RF00182\n",
      "RF00183\n",
      "RF00184\n",
      "RF00185\n",
      "RF00186\n",
      "RF00187\n",
      "RF00188\n",
      "RF00189\n",
      "RF00190\n",
      "RF00191\n",
      "RF00192\n",
      "RF00193\n",
      "RF00194\n",
      "RF00195\n",
      "RF00196\n",
      "RF00198\n",
      "RF00199\n",
      "RF00200\n",
      "RF00201\n",
      "RF00202\n",
      "RF00203\n",
      "RF00204\n",
      "RF00205\n",
      "RF00206\n",
      "RF00207\n",
      "RF00208\n",
      "RF00209\n",
      "RF00210\n",
      "RF00211\n",
      "RF00212\n",
      "RF00213\n",
      "RF00214\n",
      "RF00215\n",
      "RF00216\n",
      "RF00217\n",
      "RF00218\n",
      "RF00220\n",
      "RF00221\n",
      "RF00222\n",
      "RF00223\n",
      "RF00224\n",
      "RF00225\n",
      "RF00226\n",
      "RF00227\n",
      "RF00228\n",
      "RF00229\n",
      "RF00230\n",
      "RF00231\n",
      "RF00232\n",
      "RF00233\n",
      "RF00234\n",
      "RF00235\n",
      "RF00236\n",
      "RF00237\n",
      "RF00238\n",
      "RF00239\n",
      "RF00240\n",
      "RF00241\n",
      "RF00242\n",
      "RF00243\n",
      "RF00244\n",
      "RF00245\n",
      "RF00246\n",
      "RF00247\n",
      "RF00248\n",
      "RF00249\n",
      "RF00250\n",
      "RF00251\n",
      "RF00252\n",
      "RF00253\n",
      "RF00254\n",
      "RF00255\n",
      "RF00256\n",
      "RF00257\n",
      "RF00258\n",
      "RF00259\n",
      "RF00260\n",
      "RF00261\n",
      "RF00262\n",
      "RF00263\n",
      "RF00264\n",
      "RF00265\n",
      "RF00266\n",
      "RF00267\n",
      "RF00268\n",
      "RF00270\n",
      "RF00271\n",
      "RF00272\n",
      "RF00273\n",
      "RF00274\n",
      "RF00275\n",
      "RF00276\n",
      "RF00277\n",
      "RF00278\n",
      "RF00279\n",
      "RF00280\n",
      "RF00281\n",
      "RF00282\n",
      "RF00283\n",
      "RF00284\n",
      "RF00285\n",
      "RF00286\n",
      "RF00287\n",
      "RF00288\n",
      "RF00289\n",
      "RF00290\n",
      "RF00291\n",
      "RF00292\n",
      "RF00293\n",
      "RF00294\n",
      "RF00295\n",
      "RF00296\n",
      "RF00300\n",
      "RF00301\n",
      "RF00302\n",
      "RF00303\n",
      "RF00304\n",
      "RF00305\n",
      "RF00306\n",
      "RF00307\n",
      "RF00309\n",
      "RF00310\n",
      "RF00311\n",
      "RF00312\n",
      "RF00313\n",
      "RF00314\n",
      "RF00315\n",
      "RF00316\n",
      "RF00317\n",
      "RF00318\n",
      "RF00319\n",
      "RF00320\n",
      "RF00321\n",
      "RF00322\n",
      "RF00323\n",
      "RF00324\n",
      "RF00325\n",
      "RF00326\n",
      "RF00327\n",
      "RF00328\n",
      "RF00329\n",
      "RF00330\n",
      "RF00331\n",
      "RF00332\n",
      "RF00333\n",
      "RF00334\n",
      "RF00335\n",
      "RF00336\n",
      "RF00337\n",
      "RF00338\n",
      "RF00339\n",
      "RF00340\n",
      "RF00341\n",
      "RF00342\n",
      "RF00343\n",
      "RF00344\n",
      "RF00345\n",
      "RF00348\n",
      "RF00349\n",
      "RF00350\n",
      "RF00351\n",
      "RF00352\n",
      "RF00353\n",
      "RF00355\n",
      "RF00356\n",
      "RF00357\n",
      "RF00358\n",
      "RF00359\n",
      "RF00360\n",
      "RF00361\n",
      "RF00362\n",
      "RF00363\n",
      "RF00364\n",
      "RF00365\n",
      "RF00366\n",
      "RF00367\n",
      "RF00368\n",
      "RF00369\n",
      "RF00370\n",
      "RF00371\n",
      "RF00372\n",
      "RF00373\n",
      "RF00374\n",
      "RF00375\n",
      "RF00376\n",
      "RF00377\n",
      "RF00378\n",
      "RF00379\n",
      "RF00380\n",
      "RF00381\n",
      "RF00382\n",
      "RF00383\n",
      "RF00384\n",
      "RF00385\n",
      "RF00386\n",
      "RF00387\n",
      "RF00388\n",
      "RF00389\n",
      "RF00390\n",
      "RF00391\n",
      "RF00392\n",
      "RF00393\n",
      "RF00394\n",
      "RF00396\n",
      "RF00397\n",
      "RF00398\n",
      "RF00399\n",
      "RF00400\n",
      "RF00401\n",
      "RF00402\n",
      "RF00403\n",
      "RF00404\n",
      "RF00405\n",
      "RF00406\n",
      "RF00407\n",
      "RF00408\n",
      "RF00409\n",
      "RF00410\n",
      "RF00411\n",
      "RF00412\n",
      "RF00413\n",
      "RF00414\n",
      "RF00415\n",
      "RF00416\n",
      "RF00417\n",
      "RF00418\n",
      "RF00419\n",
      "RF00420\n",
      "RF00421\n",
      "RF00422\n",
      "RF00423\n",
      "RF00424\n",
      "RF00425\n",
      "RF00426\n",
      "RF00427\n",
      "RF00428\n",
      "RF00429\n",
      "RF00430\n",
      "RF00431\n",
      "RF00432\n",
      "RF00433\n",
      "RF00434\n",
      "RF00435\n",
      "RF00436\n",
      "RF00437\n",
      "RF00438\n",
      "RF00439\n",
      "RF00440\n",
      "RF00441\n",
      "RF00442\n",
      "RF00443\n",
      "RF00444\n",
      "RF00445\n",
      "RF00446\n",
      "RF00447\n",
      "RF00448\n",
      "RF00449\n",
      "RF00451\n",
      "RF00452\n",
      "RF00453\n",
      "RF00454\n",
      "RF00455\n",
      "RF00456\n",
      "RF00457\n",
      "RF00458\n",
      "RF00459\n",
      "RF00460\n",
      "RF00461\n",
      "RF00462\n",
      "RF00463\n",
      "RF00464\n",
      "RF00465\n",
      "RF00467\n",
      "RF00468\n",
      "RF00469\n",
      "RF00470\n",
      "RF00471\n",
      "RF00472\n",
      "RF00473\n",
      "RF00474\n",
      "RF00475\n",
      "RF00476\n",
      "RF00477\n",
      "RF00478\n",
      "RF00479\n",
      "RF00480\n",
      "RF00481\n",
      "RF00482\n",
      "RF00483\n",
      "RF00484\n",
      "RF00485\n",
      "RF00486\n",
      "RF00487\n",
      "RF00488\n",
      "RF00489\n",
      "RF00490\n",
      "RF00492\n",
      "RF00493\n",
      "RF00494\n",
      "RF00495\n",
      "RF00496\n",
      "RF00498\n",
      "RF00499\n",
      "RF00500\n",
      "RF00501\n",
      "RF00502\n",
      "RF00503\n",
      "RF00504\n",
      "RF00505\n",
      "RF00506\n",
      "RF00507\n",
      "RF00509\n",
      "RF00510\n",
      "RF00511\n",
      "RF00512\n",
      "RF00513\n",
      "RF00514\n",
      "RF00515\n",
      "RF00516\n",
      "RF00517\n",
      "RF00518\n",
      "RF00519\n",
      "RF00520\n",
      "RF00521\n",
      "RF00522\n",
      "RF00523\n",
      "RF00524\n",
      "RF00525\n",
      "RF00526\n",
      "RF00527\n",
      "RF00528\n",
      "RF00529\n",
      "RF00530\n",
      "RF00531\n",
      "RF00532\n",
      "RF00533\n",
      "RF00534\n",
      "RF00535\n",
      "RF00536\n",
      "RF00537\n",
      "RF00538\n",
      "RF00539\n",
      "RF00540\n",
      "RF00541\n",
      "RF00542\n",
      "RF00543\n",
      "RF00544\n",
      "RF00545\n",
      "RF00546\n",
      "RF00547\n",
      "RF00548\n",
      "RF00549\n",
      "RF00550\n",
      "RF00551\n",
      "RF00552\n",
      "RF00553\n",
      "RF00554\n",
      "RF00555\n",
      "RF00556\n",
      "RF00557\n",
      "RF00558\n",
      "RF00559\n",
      "RF00560\n",
      "RF00561\n",
      "RF00562\n",
      "RF00563\n",
      "RF00564\n",
      "RF00565\n",
      "RF00566\n",
      "RF00567\n",
      "RF00568\n",
      "RF00569\n",
      "RF00570\n",
      "RF00571\n",
      "RF00572\n",
      "RF00573\n",
      "RF00574\n",
      "RF00575\n",
      "RF00576\n",
      "RF00577\n",
      "RF00578\n",
      "RF00579\n",
      "RF00580\n",
      "RF00581\n",
      "RF00582\n",
      "RF00584\n",
      "RF00586\n",
      "RF00588\n",
      "RF00591\n",
      "RF00592\n",
      "RF00593\n",
      "RF00594\n",
      "RF00598\n",
      "RF00599\n",
      "RF00600\n",
      "RF00601\n",
      "RF00602\n",
      "RF00603\n",
      "RF00604\n",
      "RF00606\n",
      "RF00607\n",
      "RF00608\n",
      "RF00609\n",
      "RF00610\n",
      "RF00611\n",
      "RF00612\n",
      "RF00613\n",
      "RF00614\n",
      "RF00615\n",
      "RF00616\n",
      "RF00617\n",
      "RF00618\n",
      "RF00619\n",
      "RF00620\n",
      "RF00621\n",
      "RF00622\n",
      "RF00623\n",
      "RF00624\n",
      "RF00625\n",
      "RF00626\n",
      "RF00627\n",
      "RF00628\n",
      "RF00629\n",
      "RF00630\n",
      "RF00632\n",
      "RF00634\n",
      "RF00635\n",
      "RF00636\n",
      "RF00637\n",
      "RF00638\n",
      "RF00639\n",
      "RF00640\n",
      "RF00641\n",
      "RF00642\n",
      "RF00643\n",
      "RF00644\n",
      "RF00645\n",
      "RF00646\n",
      "RF00647\n",
      "RF00648\n",
      "RF00649\n",
      "RF00650\n",
      "RF00651\n",
      "RF00652\n",
      "RF00653\n",
      "RF00654\n",
      "RF00655\n",
      "RF00656\n",
      "RF00657\n",
      "RF00658\n",
      "RF00659\n",
      "RF00660\n",
      "RF00661\n",
      "RF00662\n",
      "RF00663\n",
      "RF00664\n",
      "RF00665\n",
      "RF00666\n",
      "RF00667\n",
      "RF00668\n",
      "RF00669\n",
      "RF00670\n",
      "RF00671\n",
      "RF00672\n",
      "RF00673\n",
      "RF00674\n",
      "RF00675\n",
      "RF00676\n",
      "RF00677\n",
      "RF00678\n",
      "RF00679\n",
      "RF00680\n",
      "RF00681\n",
      "RF00682\n",
      "RF00683\n",
      "RF00684\n",
      "RF00685\n",
      "RF00686\n",
      "RF00687\n",
      "RF00688\n",
      "RF00689\n",
      "RF00690\n",
      "RF00691\n",
      "RF00692\n",
      "RF00693\n",
      "RF00694\n",
      "RF00695\n",
      "RF00696\n",
